17
4
16
3
6
12
14
11
9
10
1
13
15
1
0
17
9
11
6
1
5
13
3
11
6
12
16
15
11
3
5
4
7
12
4
4
9
16
17
15
6
11
1
0
9
15
12
4
10
14
8
6
8
2
18
14
5
0
13
3
6
12
5
10
2
0
5
5
2
11
4
17
16
13
0
15
3
2
3
12
11
6
8
13
1
12
17
13
15
5
10
7
5
8
1
17
7
13
14
17
8
2
10
12
8
18
8
2
16
8
14
8
4
8
9
6
18
9
5
10
5
16
6
17
2
2
14
2
16
2
18
2
8
4
14
9
8
9
3
5
18
14
16
17
13
1
1
0
16
3
17
16
14
12
6
9
8
13
7
8
3
15
1
18
9
15
17
15
10
9
3
5
12
2
17
14
16
2
18
7
5
3
6
9
7
13
6
12
14
7
3
1
14
17
6
12
0
9
12
4
5
6
15
8
18
12
5
13
0
13
15
16
9
17
15
18
14
8
4
12
11
8
7
1
8
16
4
1
7
18
4
6
11
16
18
9
13
17
17
3
8
15
11
17
3
17
10
14
0
7
9
9
5
12
1
11
5
10
2
10
11
2
9
7
7
5
16
11
9
11
12
16
3
3
15
15
7
4
13
18
18
9
0
6
2
13
3
5
7
13
3
3
6
17
10
9
5
18
14
14
3
2
8
14
14
8
15
3
17
8
18
17
10
15
18
2
14
10
5
7
9
7
12
0
18
16
15
7
18
14
1
18
6
11
6
10
4
15
1
1
0
12
11
18
18
13
13
16
13
16
16
16
0
18
9
1
10
11
18
7
4
1
16
15
13
10
2
15
13
1
18
1
8
11
10
15
10
17
11
14
9
6
13
17
0
10
7
4
2
3
1
3
0
17
1
17
18
4
7
15
10
3
7
6
16
17
0
3
7
1
9
4
0
11
9
12
10
7
2
0
4
11
7
14
11
15
6
1
14
12
4
3
12
18
2
18
8
16
0
5
14
10
4
5
18
16
7
14
13
9
11
2
10
6
5
10
10
8
0
14
4
9
4
0
0
17
3
17
12
8
9
2
7
0
3
7
6
13
16
5
18
1
12
6
0
0
16
2
0
2
4
9
0
15
0
11
11
8
13
14
13
12
9
4
13
